19900101
19900102
19900103
19900104
19900105
19900106
19900107
19900108
19900109
19900110
19900111
19900112
19900113
19900114
19900115
19900116
19900117
19900118
19900119
19900120
19900121
19900122
19900123
19900124
19900125
19900126
19900127
19900128
19900129
19900130
19900131
19900201
19900202
19900203
19900204
19900205
19900206
19900207
19900208
19900209
19900210
19900211
19900212
19900213
19900214
19900215
19900216
19900217
19900218
19900219
19900220
19900221
19900222
19900223
19900224
19900225
19900226
19900227
19900228
19900301
19900302
19900303
19900304
19900305
19900306
19900307
19900308
19900309
19900310
19900311
19900312
19900313
19900314
19900315
19900316
19900317
19900318
19900319
19900320
19900321
19900322
19900323
19900324
19900325
19900326
19900327
19900328
19900329
19900330
19900331
19900401
19900402
19900403
19900404
19900405
19900406
19900407
19900408
19900409
19900410
19900411
19900412
19900413
19900414
19900415
19900416
19900417
19900418
19900419
19900420
19900421
19900422
19900423
19900424
19900425
19900426
19900427
19900428
19900429
19900430
19900501
19900502
19900503
19900504
19900505
19900506
19900507
19900508
19900509
19900510
19900511
19900512
19900513
19900514
19900515
19900516
19900517
19900518
19900519
19900520
19900521
19900522
19900523
19900524
19900525
19900526
19900527
19900528
19900529
19900530
19900531
19900601
19900602
19900603
19900604
19900605
19900606
19900607
19900608
19900609
19900610
19900611
19900612
19900613
19900614
19900615
19900616
19900617
19900618
19900619
19900620
19900621
19900622
19900623
19900624
19900625
19900626
19900627
19900628
19900629
19900630
19900701
19900702
19900703
19900704
19900705
19900706
19900707
19900708
19900709
19900710
19900711
19900712
19900713
19900714
19900715
19900716
19900717
19900718
19900719
19900720
19900721
19900722
19900723
19900724
19900725
19900726
19900727
19900728
19900729
19900730
19900731
19900801
19900802
19900803
19900804
19900805
19900806
19900807
19900808
19900809
19900810
19900811
19900812
19900813
19900814
19900815
19900816
19900817
19900818
19900819
19900820
19900821
19900822
19900823
19900824
19900825
19900826
19900827
19900828
19900829
19900830
19900831
19900901
19900902
19900903
19900904
19900905
19900906
19900907
19900908
19900909
19900910
19900911
19900912
19900913
19900914
19900915
19900916
19900917
19900918
19900919
19900920
19900921
19900922
19900923
19900924
19900925
19900926
19900927
19900928
19900929
19900930
19901001
19901002
19901003
19901004
19901005
19901006
19901007
19901008
19901009
19901010
19901011
19901012
19901013
19901014
19901015
19901016
19901017
19901018
19901019
19901020
19901021
19901022
19901023
19901024
19901025
19901026
19901027
19901028
19901029
19901030
19901031
19901101
19901102
19901103
19901104
19901105
19901106
19901107
19901108
19901109
19901110
19901111
19901112
19901113
19901114
19901115
19901116
19901117
19901118
19901119
19901120
19901121
19901122
19901123
19901124
19901125
19901126
19901127
19901128
19901129
19901130
19901201
19901202
19901203
19901204
19901205
19901206
19901207
19901208
19901209
19901210
19901211
19901212
19901213
19901214
19901215
19901216
19901217
19901218
19901219
19901220
19901221
19901222
19901223
19901224
19901225
19901226
19901227
19901228
19901229
19901230
19901231
19910101
19910102
19910103
19910104
19910105
19910106
19910107
19910108
19910109
19910110
19910111
19910112
19910113
19910114
19910115
19910116
19910117
19910118
19910119
19910120
19910121
19910122
19910123
19910124
19910125
19910126
19910127
19910128
19910129
19910130
19910131
19910201
19910202
19910203
19910204
19910205
19910206
19910207
19910208
19910209
19910210
19910211
19910212
19910213
19910214
19910215
19910216
19910217
19910218
19910219
19910220
19910221
19910222
19910223
19910224
19910225
19910226
19910227
19910228
19910301
19910302
19910303
19910304
19910305
19910306
19910307
19910308
19910309
19910310
19910311
19910312
19910313
19910314
19910315
19910316
19910317
19910318
19910319
19910320
19910321
19910322
19910323
19910324
19910325
19910326
19910327
19910328
19910329
19910330
19910331
19910401
19910402
19910403
19910404
19910405
19910406
19910407
19910408
19910409
19910410
19910411
19910412
19910413
19910414
19910415
19910416
19910417
19910418
19910419
19910420
19910421
19910422
19910423
19910424
19910425
19910426
19910427
19910428
19910429
19910430
19910501
19910502
19910503
19910504
19910505
19910506
19910507
19910508
19910509
19910510
19910511
19910512
19910513
19910514
19910515
19910516
19910517
19910518
19910519
19910520
19910521
19910522
19910523
19910524
19910525
19910526
19910527
19910528
19910529
19910530
19910531
19910601
19910602
19910603
19910604
19910605
19910606
19910607
19910608
19910609
19910610
19910611
19910612
19910613
19910614
19910615
19910616
19910617
19910618
19910619
19910620
19910621
19910622
19910623
19910624
19910625
19910626
19910627
19910628
19910629
19910630
19910701
19910702
19910703
19910704
19910705
19910706
19910707
19910708
19910709
19910710
19910711
19910712
19910713
19910714
19910715
19910716
19910717
19910718
19910719
19910720
19910721
19910722
19910723
19910724
19910725
19910726
19910727
19910728
19910729
19910730
19910731
19910801
19910802
19910803
19910804
19910805
19910806
19910807
19910808
19910809
19910810
19910811
19910812
19910813
19910814
19910815
19910816
19910817
19910818
19910819
19910820
19910821
19910822
19910823
19910824
19910825
19910826
19910827
19910828
19910829
19910830
19910831
19910901
19910902
19910903
19910904
19910905
19910906
19910907
19910908
19910909
19910910
19910911
19910912
19910913
19910914
19910915
19910916
19910917
19910918
19910919
19910920
19910921
19910922
19910923
19910924
19910925
19910926
19910927
19910928
19910929
19910930
19911001
19911002
19911003
19911004
19911005
19911006
19911007
19911008
19911009
19911010
19911011
19911012
19911013
19911014
19911015
19911016
19911017
19911018
19911019
19911020
19911021
19911022
19911023
19911024
19911025
19911026
19911027
19911028
19911029
19911030
19911031
19911101
19911102
19911103
19911104
19911105
19911106
19911107
19911108
19911109
19911110
19911111
19911112
19911113
19911114
19911115
19911116
19911117
19911118
19911119
19911120
19911121
19911122
19911123
19911124
19911125
19911126
19911127
19911128
19911129
19911130
19911201
19911202
19911203
19911204
19911205
19911206
19911207
19911208
19911209
19911210
19911211
19911212
19911213
19911214
19911215
19911216
19911217
19911218
19911219
19911220
19911221
19911222
19911223
19911224
19911225
19911226
19911227
19911228
19911229
19911230
19911231
19920101
19920102
19920103
19920104
19920105
19920106
19920107
19920108
19920109
19920110
19920111
19920112
19920113
19920114
19920115
19920116
19920117
19920118
19920119
19920120
19920121
19920122
19920123
19920124
19920125
19920126
19920127
19920128
19920129
19920130
19920131
19920201
19920202
19920203
19920204
19920205
19920206
19920207
19920208
19920209
19920210
19920211
19920212
19920213
19920214
19920215
19920216
19920217
19920218
19920219
19920220
19920221
19920222
19920223
19920224
19920225
19920226
19920227
19920228
19920229
19920301
19920302
19920303
19920304
19920305
19920306
19920307
19920308
19920309
19920310
19920311
19920312
19920313
19920314
19920315
19920316
19920317
19920318
19920319
19920320
19920321
19920322
19920323
19920324
19920325
19920326
19920327
19920328
19920329
19920330
19920331
19920401
19920402
19920403
19920404
19920405
19920406
19920407
19920408
19920409
19920410
19920411
19920412
19920413
19920414
19920415
19920416
19920417
19920418
19920419
19920420
19920421
19920422
19920423
19920424
19920425
19920426
19920427
19920428
19920429
19920430
19920501
19920502
19920503
19920504
19920505
19920506
19920507
19920508
19920509
19920510
19920511
19920512
19920513
19920514
19920515
19920516
19920517
19920518
19920519
19920520
19920521
19920522
19920523
19920524
19920525
19920526
19920527
19920528
19920529
19920530
19920531
19920601
19920602
19920603
19920604
19920605
19920606
19920607
19920608
19920609
19920610
19920611
19920612
19920613
19920614
19920615
19920616
19920617
19920618
19920619
19920620
19920621
19920622
19920623
19920624
19920625
19920626
19920627
19920628
19920629
19920630
19920701
19920702
19920703
19920704
19920705
19920706
19920707
19920708
19920709
19920710
19920711
19920712
19920713
19920714
19920715
19920716
19920717
19920718
19920719
19920720
19920721
19920722
19920723
19920724
19920725
19920726
19920727
19920728
19920729
19920730
19920731
19920801
19920802
19920803
19920804
19920805
19920806
19920807
19920808
19920809
19920810
19920811
19920812
19920813
19920814
19920815
19920816
19920817
19920818
19920819
19920820
19920821
19920822
19920823
19920824
19920825
19920826
19920827
19920828
19920829
19920830
19920831
19920901
19920902
19920903
19920904
19920905
19920906
19920907
19920908
19920909
19920910
19920911
19920912
19920913
19920914
19920915
19920916
19920917
19920918
19920919
19920920
19920921
19920922
19920923
19920924
19920925
19920926
19920927
19920928
19920929
19920930
19921001
19921002
19921003
19921004
19921005
19921006
19921007
19921008
19921009
19921010
19921011
19921012
19921013
19921014
19921015
19921016
19921017
19921018
19921019
19921020
19921021
19921022
19921023
19921024
19921025
19921026
19921027
19921028
19921029
19921030
19921031
19921101
19921102
19921103
19921104
19921105
19921106
19921107
19921108
19921109
19921110
19921111
19921112
19921113
19921114
19921115
19921116
19921117
19921118
19921119
19921120
19921121
19921122
19921123
19921124
19921125
19921126
19921127
19921128
19921129
19921130
19921201
19921202
19921203
19921204
19921205
19921206
19921207
19921208
19921209
19921210
19921211
19921212
19921213
19921214
19921215
19921216
19921217
19921218
19921219
19921220
19921221
19921222
19921223
19921224
19921225
19921226
19921227
19921228
19921229
19921230
19921231
19930101
19930102
19930103
19930104
19930105
19930106
19930107
19930108
19930109
19930110
19930111
19930112
19930113
19930114
19930115
19930116
19930117
19930118
19930119
19930120
19930121
19930122
19930123
19930124
19930125
19930126
19930127
19930128
19930129
19930130
19930131
19930201
19930202
19930203
19930204
19930205
19930206
19930207
19930208
19930209
19930210
19930211
19930212
19930213
19930214
19930215
19930216
19930217
19930218
19930219
19930220
19930221
19930222
19930223
19930224
19930225
19930226
19930227
19930228
19930301
19930302
19930303
19930304
19930305
19930306
19930307
19930308
19930309
19930310
19930311
19930312
19930313
19930314
19930315
19930316
19930317
19930318
19930319
19930320
19930321
19930322
19930323
19930324
19930325
19930326
19930327
19930328
19930329
19930330
19930331
19930401
19930402
19930403
19930404
19930405
19930406
19930407
19930408
19930409
19930410
19930411
19930412
19930413
19930414
19930415
19930416
19930417
19930418
19930419
19930420
19930421
19930422
19930423
19930424
19930425
19930426
19930427
19930428
19930429
19930430
19930501
19930502
19930503
19930504
19930505
19930506
19930507
19930508
19930509
19930510
19930511
19930512
19930513
19930514
19930515
19930516
19930517
19930518
19930519
19930520
19930521
19930522
19930523
19930524
19930525
19930526
19930527
19930528
19930529
19930530
19930531
19930601
19930602
19930603
19930604
19930605
19930606
19930607
19930608
19930609
19930610
19930611
19930612
19930613
19930614
19930615
19930616
19930617
19930618
19930619
19930620
19930621
19930622
19930623
19930624
19930625
19930626
19930627
19930628
19930629
19930630
19930701
19930702
19930703
19930704
19930705
19930706
19930707
19930708
19930709
19930710
19930711
19930712
19930713
19930714
19930715
19930716
19930717
19930718
19930719
19930720
19930721
19930722
19930723
19930724
19930725
19930726
19930727
19930728
19930729
19930730
19930731
19930801
19930802
19930803
19930804
19930805
19930806
19930807
19930808
19930809
19930810
19930811
19930812
19930813
19930814
19930815
19930816
19930817
19930818
19930819
19930820
19930821
19930822
19930823
19930824
19930825
19930826
19930827
19930828
19930829
19930830
19930831
19930901
19930902
19930903
19930904
19930905
19930906
19930907
19930908
19930909
19930910
19930911
19930912
19930913
19930914
19930915
19930916
19930917
19930918
19930919
19930920
19930921
19930922
19930923
19930924
19930925
19930926
19930927
19930928
19930929
19930930
19931001
19931002
19931003
19931004
19931005
19931006
19931007
19931008
19931009
19931010
19931011
19931012
19931013
19931014
19931015
19931016
19931017
19931018
19931019
19931020
19931021
19931022
19931023
19931024
19931025
19931026
19931027
19931028
19931029
19931030
19931031
19931101
19931102
19931103
19931104
19931105
19931106
19931107
19931108
19931109
19931110
19931111
19931112
19931113
19931114
19931115
19931116
19931117
19931118
19931119
19931120
19931121
19931122
19931123
19931124
19931125
19931126
19931127
19931128
19931129
19931130
19931201
19931202
19931203
19931204
19931205
19931206
19931207
19931208
19931209
19931210
19931211
19931212
19931213
19931214
19931215
19931216
19931217
19931218
19931219
19931220
19931221
19931222
19931223
19931224
19931225
19931226
19931227
19931228
19931229
19931230
19931231
19940101
19940102
19940103
19940104
19940105
19940106
19940107
19940108
19940109
19940110
19940111
19940112
19940113
19940114
19940115
19940116
19940117
19940118
19940119
19940120
19940121
19940122
19940123
19940124
19940125
19940126
19940127
19940128
19940129
19940130
19940131
19940201
19940202
19940203
19940204
19940205
19940206
19940207
19940208
19940209
19940210
19940211
19940212
19940213
19940214
19940215
19940216
19940217
19940218
19940219
19940220
19940221
19940222
19940223
19940224
19940225
19940226
19940227
19940228
19940301
19940302
19940303
19940304
19940305
19940306
19940307
19940308
19940309
19940310
19940311
19940312
19940313
19940314
19940315
19940316
19940317
19940318
19940319
19940320
19940321
19940322
19940323
19940324
19940325
19940326
19940327
19940328
19940329
19940330
19940331
19940401
19940402
19940403
19940404
19940405
19940406
19940407
19940408
19940409
19940410
19940411
19940412
19940413
19940414
19940415
19940416
19940417
19940418
19940419
19940420
19940421
19940422
19940423
19940424
19940425
19940426
19940427
19940428
19940429
19940430
19940501
19940502
19940503
19940504
19940505
19940506
19940507
19940508
19940509
19940510
19940511
19940512
19940513
19940514
19940515
19940516
19940517
19940518
19940519
19940520
19940521
19940522
19940523
19940524
19940525
19940526
19940527
19940528
19940529
19940530
19940531
19940601
19940602
19940603
19940604
19940605
19940606
19940607
19940608
19940609
19940610
19940611
19940612
19940613
19940614
19940615
19940616
19940617
19940618
19940619
19940620
19940621
19940622
19940623
19940624
19940625
19940626
19940627
19940628
19940629
19940630
19940701
19940702
19940703
19940704
19940705
19940706
19940707
19940708
19940709
19940710
19940711
19940712
19940713
19940714
19940715
19940716
19940717
19940718
19940719
19940720
19940721
19940722
19940723
19940724
19940725
19940726
19940727
19940728
19940729
19940730
19940731
19940801
19940802
19940803
19940804
19940805
19940806
19940807
19940808
19940809
19940810
19940811
19940812
19940813
19940814
19940815
19940816
19940817
19940818
19940819
19940820
19940821
19940822
19940823
19940824
19940825
19940826
19940827
19940828
19940829
19940830
19940831
19940901
19940902
19940903
19940904
19940905
19940906
19940907
19940908
19940909
19940910
19940911
19940912
19940913
19940914
19940915
19940916
19940917
19940918
19940919
19940920
19940921
19940922
19940923
19940924
19940925
19940926
19940927
19940928
19940929
19940930
19941001
19941002
19941003
19941004
19941005
19941006
19941007
19941008
19941009
19941010
19941011
19941012
19941013
19941014
19941015
19941016
19941017
19941018
19941019
19941020
19941021
19941022
19941023
19941024
19941025
19941026
19941027
19941028
19941029
19941030
19941031
19941101
19941102
19941103
19941104
19941105
19941106
19941107
19941108
19941109
19941110
19941111
19941112
19941113
19941114
19941115
19941116
19941117
19941118
19941119
19941120
19941121
19941122
19941123
19941124
19941125
19941126
19941127
19941128
19941129
19941130
19941201
19941202
19941203
19941204
19941205
19941206
19941207
19941208
19941209
19941210
19941211
19941212
19941213
19941214
19941215
19941216
19941217
19941218
19941219
19941220
19941221
19941222
19941223
19941224
19941225
19941226
19941227
19941228
19941229
19941230
19941231
19950101
19950102
19950103
19950104
19950105
19950106
19950107
19950108
19950109
19950110
19950111
19950112
19950113
19950114
19950115
19950116
19950117
19950118
19950119
19950120
19950121
19950122
19950123
19950124
19950125
19950126
19950127
19950128
19950129
19950130
19950131
19950201
19950202
19950203
19950204
19950205
19950206
19950207
19950208
19950209
19950210
19950211
19950212
19950213
19950214
19950215
19950216
19950217
19950218
19950219
19950220
19950221
19950222
19950223
19950224
19950225
19950226
19950227
19950228
19950301
19950302
19950303
19950304
19950305
19950306
19950307
19950308
19950309
19950310
19950311
19950312
19950313
19950314
19950315
19950316
19950317
19950318
19950319
19950320
19950321
19950322
19950323
19950324
19950325
19950326
19950327
19950328
19950329
19950330
19950331
19950401
19950402
19950403
19950404
19950405
19950406
19950407
19950408
19950409
19950410
19950411
19950412
19950413
19950414
19950415
19950416
19950417
19950418
19950419
19950420
19950421
19950422
19950423
19950424
19950425
19950426
19950427
19950428
19950429
19950430
19950501
19950502
19950503
19950504
19950505
19950506
19950507
19950508
19950509
19950510
19950511
19950512
19950513
19950514
19950515
19950516
19950517
19950518
19950519
19950520
19950521
19950522
19950523
19950524
19950525
19950526
19950527
19950528
19950529
19950530
19950531
19950601
19950602
19950603
19950604
19950605
19950606
19950607
19950608
19950609
19950610
19950611
19950612
19950613
19950614
19950615
19950616
19950617
19950618
19950619
19950620
19950621
19950622
19950623
19950624
19950625
19950626
19950627
19950628
19950629
19950630
19950701
19950702
19950703
19950704
19950705
19950706
19950707
19950708
19950709
19950710
19950711
19950712
19950713
19950714
19950715
19950716
19950717
19950718
19950719
19950720
19950721
19950722
19950723
19950724
19950725
19950726
19950727
19950728
19950729
19950730
19950731
19950801
19950802
19950803
19950804
19950805
19950806
19950807
19950808
19950809
19950810
19950811
19950812
19950813
19950814
19950815
19950816
19950817
19950818
19950819
19950820
19950821
19950822
19950823
19950824
19950825
19950826
19950827
19950828
19950829
19950830
19950831
19950901
19950902
19950903
19950904
19950905
19950906
19950907
19950908
19950909
19950910
19950911
19950912
19950913
19950914
19950915
19950916
19950917
19950918
19950919
19950920
19950921
19950922
19950923
19950924
19950925
19950926
19950927
19950928
19950929
19950930
19951001
19951002
19951003
19951004
19951005
19951006
19951007
19951008
19951009
19951010
19951011
19951012
19951013
19951014
19951015
19951016
19951017
19951018
19951019
19951020
19951021
19951022
19951023
19951024
19951025
19951026
19951027
19951028
19951029
19951030
19951031
19951101
19951102
19951103
19951104
19951105
19951106
19951107
19951108
19951109
19951110
19951111
19951112
19951113
19951114
19951115
19951116
19951117
19951118
19951119
19951120
19951121
19951122
19951123
19951124
19951125
19951126
19951127
19951128
19951129
19951130
19951201
19951202
19951203
19951204
19951205
19951206
19951207
19951208
19951209
19951210
19951211
19951212
19951213
19951214
19951215
19951216
19951217
19951218
19951219
19951220
19951221
19951222
19951223
19951224
19951225
19951226
19951227
19951228
19951229
19951230
19951231
19960101
19960102
19960103
19960104
19960105
19960106
19960107
19960108
19960109
19960110
19960111
19960112
19960113
19960114
19960115
19960116
19960117
19960118
19960119
19960120
19960121
19960122
19960123
19960124
19960125
19960126
19960127
19960128
19960129
19960130
19960131
19960201
19960202
19960203
19960204
19960205
19960206
19960207
19960208
19960209
19960210
19960211
19960212
19960213
19960214
19960215
19960216
19960217
19960218
19960219
19960220
19960221
19960222
19960223
19960224
19960225
19960226
19960227
19960228
19960229
19960301
19960302
19960303
19960304
19960305
19960306
19960307
19960308
19960309
19960310
19960311
19960312
19960313
19960314
19960315
19960316
19960317
19960318
19960319
19960320
19960321
19960322
19960323
19960324
19960325
19960326
19960327
19960328
19960329
19960330
19960331
19960401
19960402
19960403
19960404
19960405
19960406
19960407
19960408
19960409
19960410
19960411
19960412
19960413
19960414
19960415
19960416
19960417
19960418
19960419
19960420
19960421
19960422
19960423
19960424
19960425
19960426
19960427
19960428
19960429
19960430
19960501
19960502
19960503
19960504
19960505
19960506
19960507
19960508
19960509
19960510
19960511
19960512
19960513
19960514
19960515
19960516
19960517
19960518
19960519
19960520
19960521
19960522
19960523
19960524
19960525
19960526
19960527
19960528
19960529
19960530
19960531
19960601
19960602
19960603
19960604
19960605
19960606
19960607
19960608
19960609
19960610
19960611
19960612
19960613
19960614
19960615
19960616
19960617
19960618
19960619
19960620
19960621
19960622
19960623
19960624
19960625
19960626
19960627
19960628
19960629
19960630
19960701
19960702
19960703
19960704
19960705
19960706
19960707
19960708
19960709
19960710
19960711
19960712
19960713
19960714
19960715
19960716
19960717
19960718
19960719
19960720
19960721
19960722
19960723
19960724
19960725
19960726
19960727
19960728
19960729
19960730
19960731
19960801
19960802
19960803
19960804
19960805
19960806
19960807
19960808
19960809
19960810
19960811
19960812
19960813
19960814
19960815
19960816
19960817
19960818
19960819
19960820
19960821
19960822
19960823
19960824
19960825
19960826
19960827
19960828
19960829
19960830
19960831
19960901
19960902
19960903
19960904
19960905
19960906
19960907
19960908
19960909
19960910
19960911
19960912
19960913
19960914
19960915
19960916
19960917
19960918
19960919
19960920
19960921
19960922
19960923
19960924
19960925
19960926
19960927
19960928
19960929
19960930
19961001
19961002
19961003
19961004
19961005
19961006
19961007
19961008
19961009
19961010
19961011
19961012
19961013
19961014
19961015
19961016
19961017
19961018
19961019
19961020
19961021
19961022
19961023
19961024
19961025
19961026
19961027
19961028
19961029
19961030
19961031
19961101
19961102
19961103
19961104
19961105
19961106
19961107
19961108
19961109
19961110
19961111
19961112
19961113
19961114
19961115
19961116
19961117
19961118
19961119
19961120
19961121
19961122
19961123
19961124
19961125
19961126
19961127
19961128
19961129
19961130
19961201
19961202
19961203
19961204
19961205
19961206
19961207
19961208
19961209
19961210
19961211
19961212
19961213
19961214
19961215
19961216
19961217
19961218
19961219
19961220
19961221
19961222
19961223
19961224
19961225
19961226
19961227
19961228
19961229
19961230
19961231
19970101
19970102
19970103
19970104
19970105
19970106
19970107
19970108
19970109
19970110
19970111
19970112
19970113
19970114
19970115
19970116
19970117
19970118
19970119
19970120
19970121
19970122
19970123
19970124
19970125
19970126
19970127
19970128
19970129
19970130
19970131
19970201
19970202
19970203
19970204
19970205
19970206
19970207
19970208
19970209
19970210
19970211
19970212
19970213
19970214
19970215
19970216
19970217
19970218
19970219
19970220
19970221
19970222
19970223
19970224
19970225
19970226
19970227
19970228
19970301
19970302
19970303
19970304
19970305
19970306
19970307
19970308
19970309
19970310
19970311
19970312
19970313
19970314
19970315
19970316
19970317
19970318
19970319
19970320
19970321
19970322
19970323
19970324
19970325
19970326
19970327
19970328
19970329
19970330
19970331
19970401
19970402
19970403
19970404
19970405
19970406
19970407
19970408
19970409
19970410
19970411
19970412
19970413
19970414
19970415
19970416
19970417
19970418
19970419
19970420
19970421
19970422
19970423
19970424
19970425
19970426
19970427
19970428
19970429
19970430
19970501
19970502
19970503
19970504
19970505
19970506
19970507
19970508
19970509
19970510
19970511
19970512
19970513
19970514
19970515
19970516
19970517
19970518
19970519
19970520
19970521
19970522
19970523
19970524
19970525
19970526
19970527
19970528
19970529
19970530
19970531
19970601
19970602
19970603
19970604
19970605
19970606
19970607
19970608
19970609
19970610
19970611
19970612
19970613
19970614
19970615
19970616
19970617
19970618
19970619
19970620
19970621
19970622
19970623
19970624
19970625
19970626
19970627
19970628
19970629
19970630
19970701
19970702
19970703
19970704
19970705
19970706
19970707
19970708
19970709
19970710
19970711
19970712
19970713
19970714
19970715
19970716
19970717
19970718
19970719
19970720
19970721
19970722
19970723
19970724
19970725
19970726
19970727
19970728
19970729
19970730
19970731
19970801
19970802
19970803
19970804
19970805
19970806
19970807
19970808
19970809
19970810
19970811
19970812
19970813
19970814
19970815
19970816
19970817
19970818
19970819
19970820
19970821
19970822
19970823
19970824
19970825
19970826
19970827
19970828
19970829
19970830
19970831
19970901
19970902
19970903
19970904
19970905
19970906
19970907
19970908
19970909
19970910
19970911
19970912
19970913
19970914
19970915
19970916
19970917
19970918
19970919
19970920
19970921
19970922
19970923
19970924
19970925
19970926
19970927
19970928
19970929
19970930
19971001
19971002
19971003
19971004
19971005
19971006
19971007
19971008
19971009
19971010
19971011
19971012
19971013
19971014
19971015
19971016
19971017
19971018
19971019
19971020
19971021
19971022
19971023
19971024
19971025
19971026
19971027
19971028
19971029
19971030
19971031
19971101
19971102
19971103
19971104
19971105
19971106
19971107
19971108
19971109
19971110
19971111
19971112
19971113
19971114
19971115
19971116
19971117
19971118
19971119
19971120
19971121
19971122
19971123
19971124
19971125
19971126
19971127
19971128
19971129
19971130
19971201
19971202
19971203
19971204
19971205
19971206
19971207
19971208
19971209
19971210
19971211
19971212
19971213
19971214
19971215
19971216
19971217
19971218
19971219
19971220
19971221
19971222
19971223
19971224
19971225
19971226
19971227
19971228
19971229
19971230
19971231
19980101
19980102
19980103
19980104
19980105
19980106
19980107
19980108
19980109
19980110
19980111
19980112
19980113
19980114
19980115
19980116
19980117
19980118
19980119
19980120
19980121
19980122
19980123
19980124
19980125
19980126
19980127
19980128
19980129
19980130
19980131
19980201
19980202
19980203
19980204
19980205
19980206
19980207
19980208
19980209
19980210
19980211
19980212
19980213
19980214
19980215
19980216
19980217
19980218
19980219
19980220
19980221
19980222
19980223
19980224
19980225
19980226
19980227
19980228
19980301
19980302
19980303
19980304
19980305
19980306
19980307
19980308
19980309
19980310
19980311
19980312
19980313
19980314
19980315
19980316
19980317
19980318
19980319
19980320
19980321
19980322
19980323
19980324
19980325
19980326
19980327
19980328
19980329
19980330
19980331
19980401
19980402
19980403
19980404
19980405
19980406
19980407
19980408
19980409
19980410
19980411
19980412
19980413
19980414
19980415
19980416
19980417
19980418
19980419
19980420
19980421
19980422
19980423
19980424
19980425
19980426
19980427
19980428
19980429
19980430
19980501
19980502
19980503
19980504
19980505
19980506
19980507
19980508
19980509
19980510
19980511
19980512
19980513
19980514
19980515
19980516
19980517
19980518
19980519
19980520
19980521
19980522
19980523
19980524
19980525
19980526
19980527
19980528
19980529
19980530
19980531
19980601
19980602
19980603
19980604
19980605
19980606
19980607
19980608
19980609
19980610
19980611
19980612
19980613
19980614
19980615
19980616
19980617
19980618
19980619
19980620
19980621
19980622
19980623
19980624
19980625
19980626
19980627
19980628
19980629
19980630
19980701
19980702
19980703
19980704
19980705
19980706
19980707
19980708
19980709
19980710
19980711
19980712
19980713
19980714
19980715
19980716
19980717
19980718
19980719
19980720
19980721
19980722
19980723
19980724
19980725
19980726
19980727
19980728
19980729
19980730
19980731
19980801
19980802
19980803
19980804
19980805
19980806
19980807
19980808
19980809
19980810
19980811
19980812
19980813
19980814
19980815
19980816
19980817
19980818
19980819
19980820
19980821
19980822
19980823
19980824
19980825
19980826
19980827
19980828
19980829
19980830
19980831
19980901
19980902
19980903
19980904
19980905
19980906
19980907
19980908
19980909
19980910
19980911
19980912
19980913
19980914
19980915
19980916
19980917
19980918
19980919
19980920
19980921
19980922
19980923
19980924
19980925
19980926
19980927
19980928
19980929
19980930
19981001
19981002
19981003
19981004
19981005
19981006
19981007
19981008
19981009
19981010
19981011
19981012
19981013
19981014
19981015
19981016
19981017
19981018
19981019
19981020
19981021
19981022
19981023
19981024
19981025
19981026
19981027
19981028
19981029
19981030
19981031
19981101
19981102
19981103
19981104
19981105
19981106
19981107
19981108
19981109
19981110
19981111
19981112
19981113
19981114
19981115
19981116
19981117
19981118
19981119
19981120
19981121
19981122
19981123
19981124
19981125
19981126
19981127
19981128
19981129
19981130
19981201
19981202
19981203
19981204
19981205
19981206
19981207
19981208
19981209
19981210
19981211
19981212
19981213
19981214
19981215
19981216
19981217
19981218
19981219
19981220
19981221
19981222
19981223
19981224
19981225
19981226
19981227
19981228
19981229
19981230
19981231
